{"@class":"BaseSkinController","id":{"uuid":"EB40C2C5-4985-4806-B97C-0BF366AD9195"},"boneInfoCollection":[{"@class":"BoneInfo","index":0,"offset":{"values":[0.7100276947021484,1.1809807176632603e-7,0.704173743724823,0.0,-5.254632640117052e-8,-1.0000001192092896,2.2069471583563428e-7,0.0,0.704173743724823,-1.9370111203897978e-7,-0.7100276947021484,0.0,-0.25416895747184756,0.6396586298942566,-4.1409379036849717e-8,1.0]}},{"@class":"BoneInfo","index":1,"offset":{"values":[-0.7100278735160828,0.7041735649108887,7.817246938657263e-8,0.0,1.087773284780269e-7,2.2069467320307013e-7,-1.0000001192092896,0.0,-0.7041735649108887,-0.7100278735160828,-2.3329752707468288e-7,0.0,-0.14089708030223847,-0.1737973392009735,-0.44457343220710757,1.0]}},{"@class":"BoneInfo","index":2,"offset":{"values":[0.7100276947021484,1.1809808597718075e-7,0.704173743724823,0.0,-5.254632284845684e-8,-1.0000001192092896,2.206946589922154e-7,0.0,0.704173743724823,-1.9370111203897978e-7,-0.7100276947021484,0.0,0.14089719951152802,-0.44457346200942995,-0.5629419088363648,1.0]}},{"@class":"BoneInfo","index":3,"offset":{"values":[-0.7100282907485962,-1.1809811439889018e-7,0.7041731476783752,0.0,5.254605284221725e-8,1.0000001192092896,2.2069470162477956e-7,0.0,-0.7041731476783752,1.9370099835214206e-7,-0.7100282907485962,0.0,-0.015060177072882653,-0.055023688822984698,-0.4189630448818207,1.0]}},{"@class":"BoneInfo","index":4,"offset":{"values":[3.1417968671121346e-8,1.0,1.1792630516538338e-7,0.0,-0.010833331383764744,4.715454338111158e-8,-0.9999412894248962,0.0,-0.999941349029541,-5.960465898624534e-8,0.010833277367055416,0.0,-0.2972625494003296,-0.45019322633743288,0.7257086038589478,1.0]}},{"@class":"BoneInfo","index":5,"offset":{"values":[-0.9997313022613525,-0.02046152949333191,0.010888257995247841,0.0,-0.010824647732079029,-0.0032136114314198496,-0.9999364018440247,0.0,0.020495174452662469,-0.9997854828834534,0.002991204150021076,0.0,0.5998485088348389,-0.5272697806358337,0.7176929116249085,0.9999999403953552]}},{"@class":"BoneInfo","index":6,"offset":{"values":[0.710027813911438,-0.7041736245155335,1.1809806466089867e-7,0.0,-5.25463121903158e-8,-2.2069470162477956e-7,-1.0000001192092896,0.0,0.7041736245155335,0.710027813911438,-1.9370111203897978e-7,0.0,0.14089712500572205,-0.1737973392009735,-0.44457343220710757,1.0]}},{"@class":"BoneInfo","index":7,"offset":{"values":[-0.7100278735160828,1.1809807176632603e-7,-0.7041735649108887,0.0,5.254626600503798e-8,-1.0000001192092896,-2.2069470162477956e-7,0.0,-0.7041735649108887,-1.9370111203897978e-7,0.7100278735160828,0.0,-0.14089718461036683,-0.44457343220710757,-0.5629419088363648,1.0]}},{"@class":"BoneInfo","index":8,"offset":{"values":[0.7100273966789246,-3.485180855022918e-8,-0.7041740417480469,0.0,6.666294893875602e-8,1.0000001192092896,1.772394853105652e-8,0.0,0.7041740417480469,-5.952674086984189e-8,0.7100273966789246,0.0,0.015060225501656533,-0.05502358824014664,-0.41896307468414309,1.0]}},{"@class":"BoneInfo","index":9,"offset":{"values":[0.9999070167541504,0.008278995752334595,0.01083328016102314,0.0,0.010833637788891793,-2.2687301282076079e-7,-0.999941349029541,0.0,-0.008278457447886467,0.9999657869338989,-0.00008992983202915639,0.0,0.29726240038871767,-0.45019304752349856,0.7257087230682373,1.0]}},{"@class":"BoneInfo","index":10,"offset":{"values":[-0.012217583134770394,-0.999920666217804,0.0030815619975328447,0.0,0.01082433108240366,-0.0032138533424586059,-0.9999364614486694,0.0,0.9998669028282166,-0.012183786369860173,0.010862726718187333,0.0,-0.599848210811615,-0.5272696614265442,0.717693030834198,0.9999999403953552]}}]}